Portfolio Standard Deviation Calculation Details
----------------------------------------------
Weights:
NVDA: 0.1257
LIT: 0.0028
GOOGL: 0.0242
ISRG: 0.0189
RNW: 0.0095
ARKK: 0.0249
PANW: 0.0033
AI: 0.0018
OPEN: 0.0004
EURL: 0.0016
DRN: 0.0281
UBX: 0.0000
YINN: 0.0016
RYLD: 0.0086
AMZU: 0.0218
CDNS: 0.0114
TNA: 0.0212
MBLY: 0.0110
AWAY: 0.0013
IBIT: 0.1640
MSFU: 0.0286
AAPU: 0.0136
OKLO: 0.0308
SERV: 0.0062
GRNY: 0.0263
RCAT: 0.0020
KORU: 0.0012
FNGU: 0.4095

Covariance Matrix:
           NVDA       LIT     GOOGL      ISRG           RNW      ARKK      PANW        AI      OPEN      EURL       DRN           UBX      YINN      RYLD      AMZU      CDNS       TNA      MBLY      AWAY      IBIT      MSFU      AAPU      OKLO      SERV      GRNY      RCAT      KORU      FNGU
NVDA   0.001318  0.000301  0.000375  0.000426  1.849599e-04  0.000678  0.000433  0.000699  0.000636  0.000559  0.000242  4.765325e-04  0.000591  0.000233  0.000937  0.000637  0.000916  0.000715  0.000308  0.000376  0.000712  0.000676  0.001292  0.000918  0.000520  0.000652  0.000960  0.002427
LIT    0.000301  0.000422  0.000150  0.000162  1.289411e-04  0.000316  0.000120  0.000298  0.000329  0.000412  0.000249  1.566478e-04  0.000998  0.000114  0.000351  0.000214  0.000510  0.000440  0.000219  0.000225  0.000220  0.000352  0.000436  0.000522  0.000213  0.000300  0.000554  0.001014
GOOGL  0.000375  0.000150  0.000407  0.000194  9.990960e-05  0.000364  0.000194  0.000294  0.000200  0.000272  0.000133  2.296250e-04  0.000295  0.000120  0.000574  0.000270  0.000492  0.000358  0.000163  0.000257  0.000374  0.000415  0.000533  0.000662  0.000262  0.000405  0.000446  0.001289
ISRG   0.000426  0.000162  0.000194  0.000470  1.575689e-04  0.000386  0.000281  0.000371  0.000295  0.000366  0.000317  1.540822e-04  0.000308  0.000139  0.000542  0.000314  0.000537  0.000369  0.000192  0.000236  0.000389  0.000460  0.000558  0.001232  0.000351  0.000500  0.000475  0.001687
RNW    0.000185  0.000129  0.000100  0.000158  6.145648e-04  0.000193  0.000151  0.000164  0.000333  0.000283  0.000248  1.350594e-07  0.000170  0.000083  0.000267  0.000198  0.000364  0.000130  0.000142  0.000142  0.000203  0.000205  0.000276  0.000186  0.000165  0.000260  0.000364  0.000735
ARKK   0.000678  0.000316  0.000364  0.000386  1.931571e-04  0.000854  0.000398  0.000699  0.000675  0.000547  0.000410  3.727816e-04  0.000523  0.000249  0.000907  0.000483  0.001133  0.000713  0.000338  0.000552  0.000568  0.000700  0.001065  0.001193  0.000510  0.000926  0.000792  0.002283
PANW   0.000433  0.000120  0.000194  0.000281  1.511151e-04  0.000398  0.000517  0.000373  0.000245  0.000347  0.000282  1.564732e-04  0.000147  0.000151  0.000561  0.000342  0.000602  0.000432  0.000179  0.000222  0.000399  0.000449  0.000601  0.000698  0.000332  0.000456  0.000407  0.001521
AI     0.000699  0.000298  0.000294  0.000371  1.635450e-04  0.000699  0.000373  0.001659  0.000814  0.000543  0.000434  3.326942e-04  0.000543  0.000246  0.000833  0.000527  0.001110  0.000808  0.000314  0.000443  0.000559  0.000609  0.000984  0.001494  0.000479  0.001111  0.000702  0.002092
OPEN   0.000636  0.000329  0.000200  0.000295  3.334892e-04  0.000675  0.000245  0.000814  0.003133  0.000599  0.000583  6.271295e-04  0.000582  0.000237  0.000813  0.000417  0.001245  0.000783  0.000348  0.000346  0.000431  0.000527  0.000933  0.000613  0.000318  0.001205  0.000898  0.001180
EURL   0.000559  0.000412  0.000272  0.000366  2.834095e-04  0.000547  0.000347  0.000543  0.000599  0.001096  0.000673  4.070039e-04  0.001170  0.000241  0.000658  0.000446  0.000966  0.000686  0.000403  0.000331  0.000515  0.000744  0.000763  0.000625  0.000456  0.000588  0.001141  0.002078
DRN    0.000242  0.000249  0.000133  0.000317  2.476241e-04  0.000410  0.000282  0.000434  0.000583  0.000673  0.001176 -4.228348e-05  0.000597  0.000237  0.000455  0.000261  0.000934  0.000294  0.000292  0.000254  0.000365  0.000611  0.000441  0.000468  0.000411  0.000587  0.000699  0.001624
UBX    0.000477  0.000157  0.000230  0.000154  1.350594e-07  0.000373  0.000156  0.000333  0.000627  0.000407 -0.000042  4.982327e-03  0.000237  0.000106  0.000455  0.000283  0.000424  0.000308  0.000144  0.000313  0.000340  0.000131  0.001067  0.001161  0.000194  0.000513  0.000454  0.001064
YINN   0.000591  0.000998  0.000295  0.000308  1.704507e-04  0.000523  0.000147  0.000543  0.000582  0.001170  0.000597  2.370968e-04  0.004363  0.000226  0.000611  0.000416  0.000948  0.001040  0.000612  0.000384  0.000412  0.000754  0.001261  0.000779  0.000431  0.000578  0.001535  0.002222
RYLD   0.000233  0.000114  0.000120  0.000139  8.275781e-05  0.000249  0.000151  0.000246  0.000237  0.000241  0.000237  1.061682e-04  0.000226  0.000118  0.000324  0.000174  0.000446  0.000260  0.000131  0.000156  0.000215  0.000296  0.000329  0.000313  0.000196  0.000313  0.000308  0.000918
AMZU   0.000937  0.000351  0.000574  0.000542  2.674547e-04  0.000907  0.000561  0.000833  0.000813  0.000658  0.000455  4.545358e-04  0.000611  0.000324  0.001878  0.000698  0.001363  0.000941  0.000408  0.000462  0.000984  0.001031  0.001104  0.001292  0.000665  0.001008  0.000950  0.003317
CDNS   0.000637  0.000214  0.000270  0.000314  1.976240e-04  0.000483  0.000342  0.000527  0.000417  0.000446  0.000261  2.834109e-04  0.000416  0.000174  0.000698  0.000732  0.000727  0.000556  0.000246  0.000270  0.000512  0.000470  0.000657  0.000656  0.000379  0.000563  0.000612  0.001637
TNA    0.000916  0.000510  0.000492  0.000537  3.642453e-04  0.001133  0.000602  0.001110  0.001245  0.000966  0.000934  4.239467e-04  0.000948  0.000446  0.001363  0.000727  0.002167  0.001143  0.000567  0.000765  0.000826  0.001107  0.001361  0.001499  0.000770  0.001495  0.001261  0.003421
MBLY   0.000715  0.000440  0.000358  0.000369  1.295618e-04  0.000713  0.000432  0.000808  0.000783  0.000686  0.000294  3.079065e-04  0.001040  0.000260  0.000941  0.000556  0.001143  0.002222  0.000402  0.000456  0.000536  0.000669  0.001056  0.000699  0.000511  0.000980  0.001000  0.002214
AWAY   0.000308  0.000219  0.000163  0.000192  1.415305e-04  0.000338  0.000179  0.000314  0.000348  0.000403  0.000292  1.441768e-04  0.000612  0.000131  0.000408  0.000246  0.000567  0.000402  0.000257  0.000220  0.000273  0.000371  0.000532  0.000528  0.000246  0.000420  0.000493  0.001153
IBIT   0.000376  0.000225  0.000257  0.000236  1.415161e-04  0.000552  0.000222  0.000443  0.000346  0.000331  0.000254  3.125863e-04  0.000384  0.000156  0.000462  0.000270  0.000765  0.000456  0.000220  0.001071  0.000341  0.000374  0.000708  0.001248  0.000261  0.000639  0.000560  0.001128
MSFU   0.000712  0.000220  0.000374  0.000389  2.033738e-04  0.000568  0.000399  0.000559  0.000431  0.000515  0.000365  3.398180e-04  0.000412  0.000215  0.000984  0.000512  0.000826  0.000536  0.000273  0.000341  0.001023  0.000734  0.000705  0.000710  0.000471  0.000668  0.000703  0.002341
AAPU   0.000676  0.000352  0.000415  0.000460  2.045780e-04  0.000700  0.000449  0.000609  0.000527  0.000744  0.000611  1.309050e-04  0.000754  0.000296  0.001031  0.000470  0.001107  0.000669  0.000371  0.000374  0.000734  0.001605  0.000544  0.000727  0.000577  0.000876  0.000833  0.002988
OKLO   0.001292  0.000436  0.000533  0.000558  2.758943e-04  0.001065  0.000601  0.000984  0.000933  0.000763  0.000441  1.067350e-03  0.001261  0.000329  0.001104  0.000657  0.001361  0.001056  0.000532  0.000708  0.000705  0.000544  0.007461  0.002991  0.000777  0.001721  0.001360  0.003277
SERV   0.000918  0.000522  0.000662  0.001232  1.859090e-04  0.001193  0.000698  0.001494  0.000613  0.000625  0.000468  1.160660e-03  0.000779  0.000313  0.001292  0.000656  0.001499  0.000699  0.000528  0.001248  0.000710  0.000727  0.002991  0.023466  0.000706  0.002956  0.001079  0.003360
GRNY   0.000520  0.000213  0.000262  0.000351  1.654813e-04  0.000510  0.000332  0.000479  0.000318  0.000456  0.000411  1.937056e-04  0.000431  0.000196  0.000665  0.000379  0.000770  0.000511  0.000246  0.000261  0.000471  0.000577  0.000777  0.000706  0.000339  0.000723  0.000598  0.001549
RCAT   0.000652  0.000300  0.000405  0.000500  2.602432e-04  0.000926  0.000456  0.001111  0.001205  0.000588  0.000587  5.129570e-04  0.000578  0.000313  0.001008  0.000563  0.001495  0.000980  0.000420  0.000639  0.000668  0.000876  0.001721  0.002956  0.000723  0.006841  0.001071  0.003064
KORU   0.000960  0.000554  0.000446  0.000475  3.640999e-04  0.000792  0.000407  0.000702  0.000898  0.001141  0.000699  4.537264e-04  0.001535  0.000308  0.000950  0.000612  0.001261  0.001000  0.000493  0.000560  0.000703  0.000833  0.001360  0.001079  0.000598  0.001071  0.002470  0.002659
FNGU   0.002427  0.001014  0.001289  0.001687  7.346370e-04  0.002283  0.001521  0.002092  0.001180  0.002078  0.001624  1.063722e-03  0.002222  0.000918  0.003317  0.001637  0.003421  0.002214  0.001153  0.001128  0.002341  0.002988  0.003277  0.003360  0.001549  0.003064  0.002659  0.005186

Portfolio Variance: 0.00203581
Portfolio Standard Deviation (annualized): 4.5120%
